SAMPLE_ID	snpPC1	snpPC2	snpPC3	snpPC4	snpPC5	snpPC6	snpPC7	snpPC8	snpPC9	snpPC10
R3050_D193PACXX	-0.00914439	-0.0025146	-0.00154151	0.00747859	-0.00775524	0.000259735	-0.0122306	0.0115483	-0.000739425	0.000777402
R3670_C0VJYACXX	0.0115601	-0.00203685	0.000298	-0.00047055	0.000197819	0.000401271	0.000161529	0.000574212	6.64462e-05	-3.99808e-05
R3063_C00L0ACXX	0.0114044	-0.0023675	-0.000181318	-0.000242132	4.85874e-05	7.02457e-06	0.000329099	0.000153599	-0.000326593	-0.000118488
R3537_C2K2WACXX	-0.00660097	-0.00346884	-0.00551742	0.00124545	-0.00433038	0.0106812	-0.00632193	-0.00125078	0.00574745	0.000108008
R3611_C0VJYACXX	-0.0126166	-0.000786246	0.00513132	0.00675935	-0.0045824	4.92301e-05	2.19866e-05	0.0032171	-0.0082676	0.000285168
R3891_C101EACXX	0.00728018	0.0114843	8.83087e-05	-1.83949e-06	-0.000523824	-0.000407301	-0.000290198	-0.000215778	-0.000126768	-0.000273662
R3036_D193PACXX	-0.0019633	-0.00442483	-7.28548e-05	-0.00120508	-0.00432283	-0.00458204	4.38201e-05	-0.00452956	0.00476353	0.00417151
R3907_C101EACXX	0.00390738	0.0106853	-0.000111501	0.000349102	-0.000453137	-0.000219386	-0.000353013	-0.000495456	0.000186799	0.000164348
R5861_C0JKHACXX	-0.00968312	5.84994e-05	0.0042047	0.0118594	-0.0104208	-0.00421361	-0.00193318	0.000142153	0.00221199	0.00063939
R3469_C0JV6ACXX	-0.00623207	-0.00210926	-0.00113485	-0.00241314	0.00158753	-0.00845125	-0.00514459	-0.000802307	0.00387752	0.00032872
R4181_D1AAPACXX	-0.00834436	-0.00140457	-0.00369929	-0.00196745	9.94576e-05	-0.00954226	0.00199163	0.00296416	0.00894654	-0.000112626
R5863_C28MYACXX	-0.00849791	-0.00483458	-0.00389101	-0.000630816	0.00305792	-0.00235951	0.00769652	-0.000129168	0.00651419	0.00701996
R3477_C2K2WACXX	0.0120301	-0.00183041	-7.46911e-06	0.000311105	0.000206822	0.000433737	6.15926e-05	0.00015649	-0.000402704	-0.000641175
R3002_C28MYACXX	-0.00924905	-0.000661176	-0.00548139	-0.00916061	-0.00292783	-0.00107318	-0.00239094	0.000331641	-0.000364657	0.00716644
R2809_D2A01ACXX	0.0102582	-0.00198552	0.000539529	-4.10915e-05	0.000360775	-0.000186263	0.000186463	0.000443231	-0.000176503	-0.000229224
R3887_C101EACXX	-0.00363672	-0.00128585	-0.00195688	-0.000387566	-0.00566472	-0.000755813	0.000734604	-0.00816269	-0.00178208	5.13195e-05
R3446_D156YACXX	-0.0118006	-0.00151973	0.00829368	-0.000403452	-0.00629211	-0.00293946	0.00228768	-0.00277843	0.00366369	0.00322735
R3540_D0HMLACXX	-0.0122653	0.00233474	-0.00563884	-0.00757524	-0.000841133	0.00428983	0.00211135	-0.00116365	-0.00731235	0.00503087
R3456_D156YACXX	-0.00696648	-0.000550521	-0.000611793	0.0020343	0.00341767	0.00790305	0.00559494	0.00235506	-0.00565294	-0.00474697
R3494_C2K2WACXX	-0.00552971	-0.00344741	0.000533158	0.00954446	0.0030255	-0.00310047	-0.00231825	0.00163266	0.00223157	-0.00912938
R3575_C0JV6ACXX	-0.0135527	0.0035683	0.00188134	0.00226076	0.00329317	0.000468689	0.00324989	0.00700067	0.000457482	-1.80526e-05
R3604_D156YACXX	-0.00663813	-0.00297092	-0.00270193	-0.00261714	-0.00256606	0.00171457	0.00211956	-0.00130608	-0.00414878	-0.00276039
R3929_C101EACXX	-0.0086845	-0.00079425	0.00569346	-0.00183496	0.0122592	0.00530117	-0.00687859	-0.000299206	-0.00200794	0.00238895
R4108_C0GWRACXX	-0.0106155	-0.00175456	0.00043022	0.00205462	-0.0135976	0.00990896	0.00242796	0.00387783	0.000664208	-0.0119657
R5865_C28MMACXX	-0.00831817	-0.00127995	-0.00460578	-0.00679706	0.00106281	0.00167904	0.0048601	-0.00573376	-0.0061416	-0.014374
R4109_D0PGTACXX	-0.0128845	-0.000510234	0.00284782	0.00464144	0.000388074	0.00235604	-0.00239692	0.00748133	-0.00907908	0.004567
R3614_C2K2WACXX	0.0121193	-0.00230852	8.30002e-05	-3.57073e-05	-0.000361923	0.000148652	0.000138431	0.000437079	7.54371e-05	0.000110324
R3932_D0HMLACXX	0.0116789	-0.00230976	-0.000255085	9.1766e-05	0.000348605	-0.000507858	0.00022371	-0.000102984	5.4158e-05	3.42722e-05
R5885_C0CEWACXX	0.0104994	-0.000928757	-0.000119633	-0.000420434	0.000396409	-0.000215266	4.4954e-05	-0.000245818	-3.64694e-05	0.000318214
R5853_C28MMACXX	0.00784783	0.01095	-0.000331409	0.000490174	-0.000483239	-0.000242053	-0.000303959	-0.000658038	-0.000283408	0.000389404
R3517_D156YACXX	-0.00981871	-0.0023239	-0.00191084	0.00372891	0.000491928	0.00455247	-0.00677747	-0.0073003	-0.00152014	0.00644479
R3470_D156YACXX	-0.00640962	-0.00226362	0.00284125	0.00166721	0.00571699	0.00336691	0.00205294	0.00264682	-0.00495081	0.00398727
R3895_C101EACXX	-0.0114449	-0.000763939	-0.00396132	0.00641234	-0.00513055	-0.0062019	0.00167234	-0.00650471	0.0082766	0.00590819
R3616_D0HMLACXX	0.0119315	-0.000166503	-9.01552e-06	0.000265537	-0.000106011	0.000462659	0.000228941	0.00024935	-0.000270623	-0.000261057
R4111_D2A01ACXX	-0.0081121	0.00177424	-0.0083071	0.00668958	-0.000851199	0.00288398	-0.00312721	-0.00950316	0.00176247	-0.000945868
R3555_C0VJYACXX	0.0099407	-0.00160869	-1.15823e-05	0.000428103	0.00074379	-0.000743795	0.000349843	4.14787e-06	-8.46766e-05	-9.17587e-06
R3496_C0VJYACXX	0.0105217	0.00447457	0.00026293	4.41056e-05	-0.000332027	-0.000457447	6.35644e-05	9.55786e-05	-2.17897e-05	9.6445e-05
R3910_D0HMLACXX	0.00972492	0.00330421	0.000260497	-0.000504911	2.73189e-05	0.0002912	0.000278458	-9.36842e-05	-0.000106547	-0.000622632
R3639_C2K2WACXX	0.0115323	-0.00140722	-0.000311553	-0.000343672	0.000136057	0.000491969	-0.000198673	0.000172353	0.00031099	-0.000241202
R4114_C0GWRACXX	0.0119557	-0.00245934	-0.000351339	-0.000505185	-0.000225494	-9.80258e-05	1.67028e-05	0.000382221	9.94489e-05	1.68444e-06
R3506_C2K2WACXX	-0.0101103	0.000912467	-0.00426643	0.00217667	0.00364346	0.00632345	-0.0030721	-0.000387393	0.00346042	-0.000671438
R4207_D1AAPACXX	-0.0100692	-0.00180863	-0.00351913	-0.0028946	-0.00560432	-0.00492646	0.00050599	-0.000600691	-0.00212362	0.0130432
R3482_D156YACXX	-0.0111393	0.000420629	-0.00140539	0.00962915	0.000900744	0.00271566	-0.00288321	-0.000315638	0.00049627	0.00304266
R3912_C101EACXX	-0.0124805	-0.00311677	0.00952937	0.00331132	-0.0057288	0.0048375	0.00596177	-0.00891169	-0.00294661	-0.00220968
R3029_D193PACXX	0.00842811	0.00915428	-0.000435796	-0.000200628	-0.000463832	-0.000310752	0.000311715	-0.000559131	-0.000256502	1.86027e-06
R2947_D193PACXX	-0.0118877	-0.000772757	-0.00391072	0.00487933	0.000984887	-0.00694577	-0.00395935	-0.00454009	0.00269459	-0.00331981
R3030_C0UH3ACXX	-0.0139128	0.00201309	0.00832994	0.00222495	-0.00195723	-0.000334744	0.00277813	-0.00551447	-0.00288171	-0.00576291
R2816_C0GTHACXX	-0.0109874	0.00154101	-0.00298063	-0.00828208	-0.00825116	-0.00506702	9.59735e-05	-0.00280318	-0.00169807	-0.00431327
R3997_D0AUAACXX	0.00821173	0.00929571	-6.35653e-05	0.000459491	-0.000667489	-0.000397576	-0.00041797	-0.000566084	0.00013134	0.000366703
R2824_C3V3YACXX	0.0040708	0.0105645	5.13237e-05	0.000303136	-0.000650034	-0.000325111	-0.00028487	-0.000418234	0.000238379	0.000166828
R3944_D0HMLACXX	-0.0108086	-0.000393004	0.00588421	-0.00294704	-0.00271581	0.000711019	0.00482335	-0.00652724	-0.00613152	0.00074405
R2840_C0JYLACXX	0.0121807	-0.00243383	-0.00045561	-0.000290982	9.03552e-05	-0.000131399	0.000395385	0.00043923	-0.000302116	0.000191829
R4200_D1AAPACXX	-0.010361	-0.000747265	0.00298902	0.00105224	0.00892338	-0.00108729	0.00307449	-0.0031501	-0.000936033	-0.00203459
R2827_C0JYLACXX	0.0104002	-0.000783151	5.4067e-05	-5.12765e-05	0.000485316	-9.05061e-05	1.90076e-05	0.000200651	0.000335228	0.000368454
R3977_C0VJYACXX	0.00134621	-0.00392265	0.00215251	-0.0015531	-0.00128061	-0.000849557	0.000836033	0.000570992	-0.00409739	-0.00173406
R4162_D1AAPACXX	-0.0123864	0.0016848	-0.0026137	-0.000330628	-0.000712825	-0.00481897	0.00449333	0.00714008	0.000899321	-0.00128008
R5868_C28MMACXX	-0.0123858	-0.000799675	0.00110487	-0.00713105	0.00554246	-0.00863251	-0.00933127	-0.00433188	-0.00337895	-0.0106355
R3978_C0GWRACXX	0.0121374	-0.00245433	0.000213244	-0.000111006	9.84573e-05	-5.34871e-05	0.000146568	0.000518877	-8.21368e-05	-6.81471e-05
R3774_D0HMLACXX	0.0124924	-0.0027748	0.000284348	-0.000106052	0.000392499	0.000466726	-0.00013532	0.000161621	9.27334e-05	6.88416e-05
R3666_C0JM8ACXX	-0.00887057	0.0015975	0.00247579	-0.00613246	0.00226403	0.00321816	0.00400585	-0.00614278	0.00728343	-0.000893575
R3523_D156YACXX	0.0122505	-0.00228615	-0.000232198	0.000332368	0.000456259	-0.000425147	0.000323506	-0.000309066	0.000109393	-0.000315917
R3557_D0HMLACXX	0.0118315	-0.00216138	-0.000109466	-0.000100599	-0.000112427	0.000151818	0.000235185	-3.29499e-05	0.000195786	0.000348335
R4029_D11NEACXX	0.0121036	-0.00304877	0.00027244	0.00021659	0.00059299	-0.000211249	-4.12684e-05	0.000380998	1.68908e-05	-6.03655e-05
R5871_C0CEWACXX	0.0120233	-0.00148872	0.000316588	-0.000127049	0.000270995	0.000307569	0.000136349	-2.46713e-05	0.000139881	-0.000292207
R4043_C28MYACXX	-0.0058123	-0.00182495	0.00213553	0.00225762	0.00294635	0.00106333	0.0112903	0.00411717	-0.0053552	0.00110114
R5608_C282LACXX	0.0120956	-0.00248199	-0.000130598	0.000252503	-0.000120059	-0.000278221	9.31085e-05	-4.1115e-05	0.000347471	2.93104e-05
R4047_C00JVACXX	0.0116851	-0.00221241	1.96165e-05	-0.000219357	0.000129848	0.000100222	-0.000486193	0.000246296	-0.000251684	-5.36242e-05
R5597_C282LACXX	-0.00873235	0.00218704	-0.00291674	0.00205525	-0.00141843	0.000516256	0.0090068	0.00435014	-0.00265314	-0.00713723
R5600_C282LACXX	-0.0103953	0.000354681	0.00641236	0.00339724	0.00066461	-9.82584e-06	0.000228724	-0.00564577	-0.00446256	0.00861794
R5622_C282LACXX	-0.010693	0.00280422	-0.00167138	-0.00117443	-0.00334093	0.00294853	0.00544712	0.00732959	-0.00210532	0.00277007
R5623_C282LACXX	-0.0116524	-0.00238204	0.00239265	0.00324118	0.00733962	-0.00405071	0.00584845	-0.0140522	-0.0017832	0.00209937
R4337_C0GWRACXX	0.0119396	-0.00283216	0.000226549	-7.49961e-05	6.29173e-05	-0.000165916	9.59918e-05	0.000167636	-2.42062e-05	0.0002239
R4338_C1MBUACXX	0.00396727	0.0109474	1.67605e-05	0.000336281	-0.000615808	-0.000133425	-0.000354757	-0.000641182	0.000207277	0.000211603
R4339_C0GWRACXX	0.0120432	-0.00197547	-0.000191745	-0.000137206	-0.000234659	-2.28791e-05	0.000328444	0.000668674	-0.000153458	0.000406103
R4417_C28MYACXX	-0.0135486	0.000797502	-0.0131229	0.0013219	0.00703157	0.0124469	-0.0057176	-0.00189	0.00164211	0.000177241
R4393_C0CEWACXX	0.0121298	-0.00227746	1.64719e-05	0.000147699	-5.19151e-05	0.00018921	0.0001649	0.000149246	-0.000394502	0.000604229
R4407_C3V3YACXX	0.0120896	-0.00271698	0.000146057	-7.69202e-05	9.15454e-05	0.000185666	-0.000349246	0.000290879	5.24264e-05	0.000273828
R4414_C0CEWACXX	0.0123276	-0.00222898	-0.000258442	0.000415914	0.000286671	-0.000231479	1.9832e-05	5.31131e-05	9.3431e-05	2.1974e-05
R4367_C0CEWACXX	0.0121215	-0.00182059	7.26506e-05	-0.000257692	0.00046901	0.00012737	0.000140438	0.00012249	0.000258972	0.000137283
R4381_C0CEWACXX	0.0118926	-0.00217025	0.000295932	-0.000453042	0.000180949	0.000245018	0.000109652	6.75571e-05	-0.000148079	-0.000148434
R4386_C00JVACXX	0.0124353	-0.00139488	-0.000503002	-2.52428e-05	-0.000443127	-1.33864e-06	0.000486631	1.46101e-05	-1.64037e-06	-5.2643e-05
R4387_C0CEWACXX	0.0122252	-0.00280478	0.000450497	0.000127625	-0.000198587	-0.000795232	0.000131374	0.000229385	8.05083e-06	9.56298e-05
R4388_D2A01ACXX	-0.0102115	-0.000264466	0.0075035	-0.000882177	0.00595555	-0.00651279	0.00795218	0.00947188	-0.000309321	0.00265403
R4273_C0GWRACXX	0.0123469	-0.00190279	-2.73562e-05	7.39116e-05	-0.000297886	-0.000285718	0.00039615	-2.85004e-05	0.00035841	-0.000661277
R5905_C0CEWACXX	0.0123845	-0.00228401	0.000292488	-0.000373011	-2.64216e-05	-0.000172193	0.000374042	0.000580243	-0.000136194	9.13956e-05
R4279_C00JVACXX	0.0123191	-0.00165016	0.000345307	-0.000307348	8.92038e-05	-8.54413e-05	-0.000152666	0.000150058	-0.000189688	0.000202581
R4351_C0GWRACXX	0.0121992	-0.00226439	-0.000163174	-0.000156895	7.27453e-05	5.6183e-06	-7.81333e-05	0.000210055	0.000129743	0.00015866
R4357_C0VJYACXX	0.0108224	-0.00148056	0.000141083	1.42666e-06	0.00048891	-0.000194842	-0.000309708	0.000204195	-6.461e-05	-0.00021988
R4359_C1MBUACXX	0.0051692	0.0104834	-4.15243e-05	0.000355316	-0.000638957	-0.000262609	-0.000278659	-0.000375253	0.000184101	0.000331578
R4366_C0CEWACXX	0.0118682	-0.00233712	-0.000134292	6.93156e-05	0.000105282	0.000306956	0.000145207	0.000170733	-0.000239422	0.000238317
R5743_C28MMACXX	0.00627645	0.00452367	4.17233e-06	4.50089e-05	-6.74812e-06	-0.000117928	-0.000231243	-0.000233314	0.000299275	0.000119042
R5747_C28MMACXX	0.00666133	0.0138638	-3.52883e-05	0.000301428	-0.000942247	-0.000300702	-7.80069e-05	-0.000804796	1.24671e-05	3.96293e-05
R6533_C284PACXX	-0.00959034	3.08218e-05	0.00414525	-0.0110406	-0.00141169	0.0095528	-0.00495264	0.00437903	-0.00107076	0.00457409
R6574_C284PACXX	0.0125121	-0.00190047	3.49416e-05	-9.42104e-05	-0.00010898	0.00064278	4.04773e-05	0.000299723	0.000604483	-3.37147e-05
R6535_C284PACXX	-0.00438467	-0.000476267	-0.00018063	0.00244174	0.00642596	0.00181337	-0.0041725	0.000747997	0.00290253	0.00153558
R3549_C2K2WACXX	0.011205	-0.00215961	3.49014e-05	0.000200372	0.000233499	-0.000267465	0.000182635	-0.000129091	-9.89872e-05	-2.91373e-05
R3901_C3V3YACXX	0.0122708	-0.00224533	-0.000210145	-2.89535e-05	-3.27512e-05	0.000484996	0.000235634	0.00026788	-0.000337787	0.000456554
R3597_C2K2WACXX	-0.0110477	0.000483009	-0.00351663	-0.00441694	0.00430564	0.00370311	0.000830755	0.00121209	0.00347902	-0.00550885
R4177_D1AAPACXX	-0.0128433	-0.000117054	-0.00580742	0.00390357	0.00264646	-0.00227194	0.00695106	0.00792488	0.00542326	-0.00299213
R3393_C0JV6ACXX	-0.0124688	-0.000418831	-0.0057015	0.00260613	0.000405867	0.00177934	0.00575939	0.00814293	0.0100299	-0.000339852
R3645_C2K2WACXX	-0.00361034	-0.00484874	0.00132177	-1.19954e-05	0.00173389	0.00533679	-0.00503194	-0.000129512	-0.00273975	-0.00292888
R3417_D156YACXX	-0.00738415	-0.000928325	0.00440258	-0.00130684	0.00126706	-6.0689e-05	-3.72778e-05	0.00201703	0.00213036	-0.0058904
R5848_C1MBUACXX	-0.0129639	-0.000327767	0.00271144	0.000412995	0.00263414	-0.00211245	0.00112483	0.00428876	0.00444653	0.00450426
R3646_C28MYACXX	-0.009541	-0.00197248	-0.00186082	0.000334058	-0.0110922	-0.00336223	-0.0038801	-0.00213429	0.0019657	-0.00463899
R4226_C0JKHACXX	-0.0130018	-0.00036049	-0.000403672	-0.0112948	-0.00567424	0.000829808	0.00154809	0.00217461	-0.00455544	0.00979646
R2905_C0VJYACXX	-0.0114344	-0.00215237	-0.00508916	-0.0138591	-0.00376342	-0.00408606	-0.00499338	0.00368806	-0.00061555	-0.00303785
R4179_C28MYACXX	-0.00783608	-0.00253988	0.00672595	-0.00355452	0.00388416	-0.000819774	-0.00365021	0.00410375	0.00615116	-0.000368628
R3927_D0HMLACXX	-0.011244	0.00326037	0.0192106	-0.00514363	0.00144473	-0.000105536	-0.0125771	0.00258838	0.00965019	-0.00395987
R3491_D0HMLACXX	0.0102651	-0.00125899	-8.50741e-05	-9.85056e-05	0.000302522	-0.000241271	-6.58013e-05	0.000187321	-0.000165429	0.000456108
R4194_D1AAPACXX	0.0070502	0.013009	0.000209369	0.000287162	-0.00100696	-0.000239481	-0.000262413	-0.000387978	0.000213227	0.000425858
R3931_C101EACXX	-0.00870582	0.00110769	-0.00263219	0.00653844	0.00314586	-0.00211788	-0.00859208	0.00130831	-0.0114399	0.00477057
R3543_C0JV6ACXX	-0.0121909	0.00106309	-0.00863897	0.000830061	0.00890469	-0.0149096	-0.0042189	0.00124605	-0.0104879	-0.00371015
R5859_C28MMACXX	-0.010326	0.00188731	-0.000188118	-0.00204021	0.00656629	0.00636391	0.00513376	-0.00576969	0.0121693	0.0028526
R3921_C3V3YACXX	0.0120556	-0.0015381	-8.92068e-05	-5.03998e-05	1.11043e-05	9.49253e-05	0.000104222	0.000224286	-0.000341801	0.000255916
